2.3049829265406117   2.616087112905279     1.7970332050703757   2.2184530902577766   0.8686524180027849
2.325747842554943    0.9157667903196187    2.384405995487908    1.0017108682378448   1.8064392280574197
2.431254939129953    0.727425929560347     1.5384607233545877   1.0482356878296724   1.2742869822154521
0.6594493220963964   1.0617267546536915    1.5365916121574217   1.4998537878140303   2.9598810615927755
1.5800397570083746   1.747463302158343     1.1465566390602582   2.646815683936456    2.163702575947733
1.2480176316709728   0.12242252320191871   2.156325482588852    0.4089565117758934   1.224382251957667
0.2669810919087582   0.8608598936903374    0.5489357459574912   1.6162651783765174   1.9445511045454102
2.9612021044448134   0.21629338540394427   2.9660338702509526   2.9001431351839284   0.8452304614282073
1.452785872308624    2.3751258643306516    1.175457567003053    0.7303430125600798   1.2331529462427357
1.6677154309071849   1.9756096076776335    2.5430464529487784   2.8729685434242453   1.7179081729478787
