0.5932281874622872   1.1099389272660733   1.5885600638220883   0.26846406820811586    1.8052638248322768
2.9952884992839017   0.8161586072310932   1.0213825038593605   1.952558636417006      1.6130990140460717
2.904557094624286    2.9673057628543367   2.6530342912036398   2.7269014486905165     1.4224970078472299
0.4958021053240588   1.0179645334358205   1.4858073716527036   2.0432474673282126     0.24036196791354403
2.78607582842021     2.666161557478074    0.5016617739995094   0.8734460745232141     1.9252253821951848
1.6283172437882871   1.3359044991135731   1.027517723203874    2.6196961715881018     2.415287227703839
1.3958388008940057   0.307976261007878    1.0261484306577833   0.037312204665471804   1.7304932295172082
2.8252187350813855   1.0453267966627855   0.9981946900225489   1.0170217447740835     0.7066184335951524
0.4001986427809221   1.7873564808714055   0.8756573761571529   1.8983321537310078     0.3462523004903074
2.9952884992839017   0.8161586072310932   1.4858073716527036   1.952558636417006      1.4224970078472299
